25 1  00:16:38 1091        19924389
25 2  00:17:29 980         HoHoHo
24 1  00:23:38 1367        388
24 2  00:38:14 931         4002
23 1  00:31:55 1125        78569234
23 2  02:28:42 1812        565615814504
22 1  00:29:38 3238        32815
22 2  01:02:13 1762        30695
21 1  00:37:33 1475        2724
21 2  00:41:07 1135        xlxknk,cskbmx,cjdmk,bmhn,jrmr,tzxcmr,fmgxh,fxzh
20 1  00:38:58 820         83775126454273
20 2  09:00:05 2565        1993
19 1  00:36:35 884         220
19 2  02:24:55 2012        439
18 1  01:04:48 3444        45840336521334
18 2  01:15:09 2439        328920644404583
17 1  01:22:12 3462        232
17 2  02:00:12 3927        1620
16 1  00:21:48 2307        28873
16 2  00:35:25 574         2587271823407
15 1  00:29:09 3357        468
15 2  00:35:45 2383        1801753
14 1  00:16:36 1038        9296748256641
14 2  00:45:31 1496        4877695371685
13 1  00:10:04 1768        4135
13 2  01:09:49 1777        640856202464541
12 1  00:11:24 1080        1007
12 2  00:25:34 1143        41212
11 1  00:27:56 2066        2152
11 2  11:10:17 18224       1937
10 1  00:17:31 5068        3034
10 2  00:40:24 2048        259172170858496
9  1  00:10:34 2354        1930745883
9  2  00:21:46 2585        268878261
8  1  00:12:50 3297        2025
8  2  00:18:44 1438        2001
7  1  00:19:43 1045        233
7  2  00:25:48 700         421550
6  1  00:06:32 1927        6504
6  2  00:13:57 2203        3351
5  1  00:14:07 2245        951
5  2  00:18:55 1996        653
4  1  00:13:28 2402        182
4  2  00:31:43 1451        109
3  1  00:12:59 3250        220
3  2  00:17:51 2645        2138320800
2  1  00:11:13 2554        643
2  2  00:14:00 1854        388
1  1  00:18:11 3116        898299
1  2  00:19:35 2700        143933922
